10.09 9.86 10.00
11.82 11.50 11.42
12.99 12.12 12.66
4.63 4.29 3.97
11.07 10.39 10.317
10.53 10.17 10.188
13.67 12.89 12.82
10.87 10.55 10.89
9.49 9.29 9.48
12.99 12.02 11.82
13.01 12.53 12.53
10.91 9.90 11.01
9.67 9.51 9.4
9.61 9.21 8.7
14.94 14.48 14.41
11.66 11.18 11.27
10.86 10.38 10.117
13.59 13.23 13.21
15.85 15.72 16.01
14.62 14.19 14.07
11.49 11.18 11.020
14.43 13.97 14.04
13.22 12.95 13.04
13.94 13.55 13.64
4.52 4.66 4.64
10.97 10.42 10.25
13.76 13.32 13.30
13.84 13.44 13.55
13.14 12.8 12.76
5.996 5.711 5.553
12.25 12.50 12.09
14.06 13.67 13.71
5.739 5.454 6.76
14.51 14.21 14.39
13.37 13.08 13.25
14.20 13.91 14.00
11.71 11.34 11.22
12.28 11.46 11.84
11.27 10.85 10.929
9.07 8.64 8.72
9.52 9.32 9.22
11.36 11.24 11.35
11.30 10.70 10.66
9.32 9.10 9.20
9.47 9.23 9.06
11.06 10.86 10.76
9.33 9.347 9.31
10.36 9.543 9.15
10.77 10.37 10.26
9.290 9.201 9.19
11.33 11.06 10.89
12.84 12.42 12.32
11.39 11.13 10.70
11.39 11.13 10.70
11.61 11.36 11.35
11.61 11.28 11.65
11.73 11.68 11.48
11.43 11.25 11.40
9.32 9.15 9.1
11.17 11.02 11.74
11.65 11.21 11.47
9.39 9.13 8.65
12.54 11.64 11.31
9.32 9.22 9.68
9.33 9.15 9.31
18.820 16.590 16.920
9.34 9.00 9.50
12.11 11.62 11.63
9.09 8.78 8.6
9.81 9.51 9.1
12.50 12.18 12.27
9.68 9.67 9.98
8.25 8.00 8.0
14.85 14.54 14.74
14.10 13.76 13.85
14.70 14.37 14.43
4.79 4.71 4.59
14.364 13.9 13.91
14.73 14.36 14.69
15.49 15.40 15.47
14.49 14.02 14.09
15.06 14.90 14.97
14.95 14.73 14.79
14.36 14.11 14.25
13.60 13.21 13.26
15.47 15.12 15.33
15.28 15.01 15.10
14.37 14.02 14.28
14.17 13.93 14.12
14.19 13.96 14.04
15.71 15.42 14.86
14.46 14.36 14.57
15.41 15.12 15.09
14.27 14.20 14.59
15.02 14.80 14.73
15.64 15.52 15.53
13.73 13.66 13.84
13.58 13.30 13.40
14.56 14.22 14.42
14.31 14.03 14.12
14.09 13.80 13.88
13.84 13.48 13.55
15.35 14.96 15.18
15.07 14.83 15.04
15.33 15.06 15.18
13.87 13.56 13.58
13.53 13.13 13.13
14.62 14.43 14.8
14.99 14.57 14.70
13.672 13.423 13.563
15.101 14.947 15.256
13.24 12.96 13.23
13.543 13.230 13.345
14.406 14.216 14.353
14.29 14.03 14.10
15.93 15.68 15.98
14.015 13.6 13.79
13.63 13.33 13.50
15.50 15.14 15.14
14.69 14.46 14.54
15.063 14.756 14.992
13.375 12.81 14.67
15.25 14.88 14.99
14.86 14.48 14.59
14.06 13.62 13.68
14.52 14.19 14.30
15.06 14.72 14.66
14.68 14.33 14.36
14.81 14.41 14.53
13.18 12.92 13.01
15.14 14.71 14.62
13.95 13.61 13.61
14.16 13.67 13.89
14.41 13.97 14.13
14.83 14.42 14.29
14.65 14.23 14.34
13.95 13.58 13.74
15.27 14.87 14.85
15.07 14.71 14.74
15.77 15.25 15.47
13.77 13.38 13.39
13.67 13.26 13.38
14.62 14.60 14.88
15.21 14.82 14.93
14.99 14.61 14.63
13.76 13.34 13.41
14.76 14.29 14.37
14.43 14.07 14.12
14.20 13.57 13.89
15.17 14.88 15.02
13.20 12.82 12.93
10.04 9.74 9.56
14.94 14.69 14.97
14.35 13.99 14.03
9.31 9.02 9.12
12.8 12.55 12.0
9.43 9.35 9.31
11.06 10.67 10.3
11.038 10.523 10.35
7.70 7.39 7.13
12.85 12.21 12.19
14.29 14.35 14.69
15.50 15.16 15.21
8.95 9.05 9.1
15.93 15.73 15.64
14.30 14.01 13.96
15.29 14.80 14.79
9.91 9.65 9.53
4.96 4.94 4.86
15.82 15.55 15.74
17.3 16.53 16.4
10.41 9.92 9.63
12.89 12.75 12.92
4.90 5.02 5.10
14.63 14.36 15.32
13.70 13.32 13.50
14.82 14.52 14.98
15.44 15.33 15.66
15.59 15.20 15.34
14.27 13.83 13.91
14.38 13.55 13.75
14.55 14.28 14.87
15.15 14.73 14.75
15.17 14.81 14.86
14.11 13.71 13.82
14.76 14.38 14.53
15.87 15.57 15.53
14.44 14.15 14.31
14.69 14.30 14.29
13.96 13.62 13.61
10.56 10.00 9.87
11.14 10.47 10.21
11.72 11.36 10.98
12.230 12.034 12.20
15.33 14.86 14.79
15.24 14.84 15.05
15.487 15.3 15.24
15.366 14.4 14.96
15.369 14.3 15.53
14.662 14.3 14.32
11.03 10.76 10.61
11.85 11.21 11.44
10.8 10.7 10.74
9.56 8.73 9.22
11.82 11.71 11.56
15.55 15.11 15.01
15.035 14.2 14.52
11.58 11.21 11.09
11.78 11.47 11.54
10.93 10.75 10.43
12.16 11.38 11.26
11.23 10.80 10.77
14.17 13.96 14.39
14.30 14.05 14.49
16.58 16.18 15.66
15.45 15.37 15.86
13.50 13.11 13.01
11.76 11.45 11.54
10.81 10.16 10.19
11.61 11.45 11.09
11.92 11.46 11.32
15.365 15.0 14.95
14.81 14.69 15.25
15.43 14.96 14.77
14.16 13.81 14.16
13.954 13.61 13.69
14.85 14.55 15.00
15.12 14.85 15.23
14.83 13.33 13.16
11.37 11.38 11.33
11.90 11.31 11.57
14.57 14.23 14.62
15.34 15.15 15.55
14.60 14.05 14.16
4.56 4.45 4.32
11.95 11.85 11.76
11.47 11.25 11.37
11.62 11.21 11.53
13.87 13.52 13.61
9.45 9.53 9.67
12.05 12.27 11.54
11.34 9.94 9.29
12.04 11.42 11.04
11.58 11.54 11.51
11.77 11.80 11.82
11.99 11.99 11.99
10.44 10.37 10.45
15.25 15.18 15.35
11.27 10.68 10.79
11.49 11.23 11.20
6.35 6.15 5.93
10.01 9.3 10.13
15.11 14.72 14.71
15.56 15.32 15.39
14.65 14.37 14.40
15.22 15.03 15.26
9.973 9.766 9.73
14.34 13.95 14.06
14.52 14.14 14.14
12.90 12.65 12.73
14.60 14.12 14.11
14.34 14.00 14.13
13.96 13.63 13.80
13.72 13.31 13.33
11.72 11.30 11.11
12.30 11.75 11.93
14.66 14.29 14.24
15.71 15.63 15.71
15.40 15.16 15.53
12.55 12.11 11.90
11.94 11.78 11.43
12.63 12.42 12.26
11.49 11.47 11.12
12.25 11.71 11.70
12.09 11.45 11.337
12.04 11.88 11.55
11.82 11.00 11.05
11.67 11.62 11.19
11.75 11.27 11.28
11.37 11.30 10.91
12.34 11.36 11.04
11.95 11.53 11.69
7.99 7.70 8.60
11.22 10.95 10.94
11.91 11.79 11.49
11.87 11.41 11.60
12.02 11.44 11.68
12.27 12.20 11.74
11.06 10.90 10.71
11.77 11.39 11.20
11.20 10.97 11.59
11.30 10.70 10.62
11.72 11.53 11.35
11.15 10.79 10.75
11.85 11.62 11.51
9.31 9.28 9.72
10.579 10.520 10.482
15.80 15.51 15.47
15.59 15.30 15.35
15.53 15.24 15.09
15.23 14.82 14.99
11.84 11.72 11.80
13.08 12.75 12.75
13.02 12.29 12.57
14.048 14.100 14.65
15.50 15.28 15.56
14.08 13.75 13.79
15.09 14.53 14.62
15.59 15.46 15.64
13.83 13.52 13.62
11.18 10.90 11.02
11.41 11.03 10.88
9.98 9.86 9.75
15.02 14.69 14.77
11.32 11.13 11.01
11.17 10.97 10.87
10.37 10.21 10.41
11.688 11.401 10.94
11.78 11.65 11.55
10.08 9.97 10.00
10.87 10.68 10.37
13.23 13.18 13.38
9.95 9.86 9.77
11.64 11.27 11.19
11.654 11.32 11.24
11.17 11.12 11.29
11.44 11.51 11.44
11.19 10.94 10.83
18.150 16.631 15.76
14.290 13.931 13.79
14.022 13.553 13.37
10.86 10.70 10.49
12.60 12.25 12.36
14.68 14.42 14.37
10.36 10.18 10.09
9.542 9.484 9.471
9.694 9.578 9.540
9.752 9.467 9.301
11.19 10.99 11.09
11.18 11.02 11.15
11.52 11.33 13.00
8.426 8.489 8.571
9.791 9.663 9.617
9.351 9.306 9.288
9.274 9.212 9.229
10.25 10.16 10.31
11.09 11.03 10.96
9.990 9.971 9.920
13.29 13.13 13.27
13.39 13.32 13.58
13.63 13.03 13.02
13.71 13.87 14.25
13.54 13.32 13.41
13.47 13.01 12.98
14.04 13.50 13.52
12.27 11.66 11.62
11.50 11.33 11.46
12.30 12.71 11.79
12.03 11.93 11.77
11.45 11.54 11.57
14.01 13.44 13.38
10.15 9.93 10.27
10.28 10.42 10.33
9.59 9.71 9.56
11.81 11.35 11.23
10.73 10.67 10.68
11.12 11.25 11.26
11.66 11.32 11.51
8.71 8.60 9.38
11.20 11.10 11.20
11.60 11.51 12.71
10.450 10.061 10.07
14.87 14.59 14.63
11.86 11.68 11.75
11.37 11.21 11.16
12.82 12.15 12.32
12.15 11.79 11.57
14.96 14.59 14.53
15.02 14.74 15.08
14.39 13.97 14.02
15.04 14.81 15.01
14.25 13.94 13.98
11.66 11.60 11.29
14.84 14.46 14.41
15.07 14.78 14.93
14.31 13.91 13.99
14.39 14.03 14.08
14.25 14.00 14.48
15.38 15.07 15.25
13.60 13.30 13.54
15.41 15.05 15.12
15.48 15.19 15.03
16.00 15.95 15.73
15.38 15.35 15.63
15.78 15.74 15.92
13.93 13.59 13.57
14.29 13.90 14.00
15.15 14.84 14.88
14.26 13.90 13.94
15.66 15.29 15.48
15.38 15.05 15.07
13.880 12.267 12.09
10.55 10.08 10.06
14.14 13.92 13.97
15.72 15.27 15.20
15.51 15.21 15.09
15.01 14.62 14.43
14.73 14.38 14.55
15.05 14.82 14.93
14.48 14.35 14.65
15.68 15.21 15.29
15.25 14.72 14.77
15.22 14.87 15.04
15.23 14.78 14.90
15.70 15.44 15.97
15.57 15.23 15.32
13.78 13.51 13.54
14.77 14.43 14.46
15.12 14.80 14.82
14.79 14.4 14.66
15.47 15.30 15.59
15.12 14.97 15.14
14.50 14.12 14.11
15.73 15.37 15.68
10.81 10.78 10.89
14.89 14.49 14.52
14.96 14.68 14.73
13.90 13.55 13.69
13.91 13.50 13.57
15.25 14.85 14.78
14.94 14.65 14.70
15.13 14.77 14.82
15.51 15.20 15.48
11.00 10.71 10.82
12.04 11.52 11.37
12.18 11.59 11.34
15.15 14.94 14.91
15.60 15.53 15.40
14.95 14.66 14.81
15.28 14.90 14.75
15.06 14.69 14.81
15.70 15.53 15.50
14.48 14.13 14.10
15.72 15.45 15.66
14.96 15.01 15.15
14.947 14.4 14.58
15.31 15.24 15.60
4.84 4.82 4.73
13.28 12.97 13.08
11.06 10.97 11.05
13.85 13.58 13.46
14.40 13.98 13.95
14.47 14.13 14.18
14.61 13.98 14.31
15.61 15.22 15.39
14.22 13.82 13.96
14.92 14.49 14.51
9.17 8.93 9.08
15.37 15.01 15.17
15.15 14.86 14.86
13.36 13.07 13.12
14.78 14.48 14.67
14.66 14.35 14.44
14.30 13.92 14.03
13.97 13.64 13.78
15.15 14.78 14.87
14.66 14.32 14.46
11.88 12.03 11.63
11.49 10.70 10.74
11.5 13.30 12.82
13.97 13.65 13.72
14.96 14.64 14.82
14.846 14.4 14.58
15.41 15.28 15.78
14.89 14.41 14.45
13.24 12.84 13.29
11.82 11.28 11.93
9.173 9.137 9.126
11.63 11.64 11.49
11.86 11.33 11.47
11.74 11.54 11.45
12.12 11.51 11.43
11.5 12.80 12.77
12.18 12.11 11.88
11.68 11.38 11.38
11.82 11.29 11.37
11.16 10.86 10.61
12.47 12.44 11.61
10.47 10.49 10.44
10.71 10.38 10.28
10.80 10.39 10.39
11.92 11.65 11.71
11.79 11.45 11.46
12.08 11.86 11.67
11.86 11.55 11.52
11.60 10.52 10.24
11.24 11.03 11.17
11.94 11.75 11.54
11.66 11.27 11.27
11.91 11.66 11.39
12.54 12.06 11.20
11.31 10.75 10.35
11.53 10.88 10.46
11.10 10.89 10.86
12.23 12.27 11.82
12.03 11.56 11.47
11.50 11.30 11.18
11.77 11.50 11.40
12.08 11.62 11.48
11.20 11.07 11.13
11.61 11.66 11.43
12.16 11.98 11.40
10.33 9.96 9.93
12.65 12.30 11.95
10.62 10.29 10.26
11.74 11.68 11.33
11.56 11.15 11.14
11.88 11.75 11.35
11.67 11.30 11.18
11.59 11.71 11.43
11.64 11.55 11.21
12.48 12.33 11.49
11.75 11.44 11.36
11.50 11.33 11.46
10.62 10.45 10.77
11.67 11.62 11.19
11.18 10.90 11.02
12.27 12.20 11.74
12.21 11.27 10.85
13.613 11.874 11.26
10.44 9.185 8.88
10.44 9.185 8.88
11.67 11.20 11.04
11.67 11.20 11.04
11.91 11.79 11.49
12.53 11.98 11.67
11.21 10.86 10.69
11.99 12.05 12.14
11.34 11.19 11.18
11.49 11.16 11.18
12.30 12.71 11.79
11.46 11.14 10.68
11.46 11.14 10.68
11.56 11.55 11.35
12.00 11.42 11.32
10.50 10.11 10.11
11.39 11.41 10.99
11.55 11.42 11.35
10.65 10.47 10.60
10.347 10.15 10.09
10.87 10.50 10.66
11.94 11.78 11.43
12.36 12.02 11.84
12.09 11.89 11.14
11.19 10.94 10.83
11.58 11.32 11.75
14.0 13.8 14.1
13.3 13.0 12.83
11.87 11.69 11.605
11.69 11.16 10.84
12.28 11.95 11.73
11.87 11.38 11.45
13.25 12.84 12.60
9.711 9.805 10.02
12.80 12.55 12.67
14.66 14.22 14.22
13.62 12.75 12.53
12.43 11.95 11.67
12.10 11.40 10.96
11.69 11.43 11.48
11.40 11.28 11.09
11.35 11.23 11.13
12.98 12.39 12.99
10.18 10.05 10.504
10.34 10.16 10.32
9.33 8.69 8.76
9.814 9.817 10.09
