13.68 13.85 14.05
10.11 10.22 10.255
15.19 15.19 15.29
14.34 14.48 14.59
13.11 13.30 13.64
15.56 15.78 16.10
15.05 14.92 15.73
13.41 13.04 12.99
13.50 13.19 13.19
15.50 15.56 15.79
14.98 15.02 15.22
14.53 14.65 14.79
16.37 16.51 16.8
15.88 13.15 12.13
14.82 13.86 13.61
12.07 11.17 10.89
12.70 12.20 12.05
12.34 11.91 12.05
13.23 12.53 12.40
13.66 13.04 12.91
14.97 15.14 15.51
13.59 13.64 14.00
14.46 14.37 14.54
13.76 13.91 14.09
14.05 14.12 14.15
15.53 15.26 15.98
11.36 10.79 10.90
11.62 10.86 10.97
11.96 11.80 11.71
13.20 12.64 12.48
12.80 12.23 12.22
11.70 11.24 11.04
13.72 13.00 12.98
13.10 12.44 12.33
12.44 11.60 11.47
12.21 11.69 11.56
12.46 11.05 10.65
12.81 12.31 12.30
12.61 12.20 12.21
12.59 12.08 12.05
12.88 12.31 12.22
13.16 12.78 12.55
12.16 11.52 11.68
11.54 11.73 11.83
12.85 12.49 12.46
12.88 12.37 12.17
15.35 15.17 15.10
15.25 15.06 15.50
12.88 12.36 12.28
11.83 11.21 11.31
13.09 12.26 12.04
16.26 14.80 13.89
12.47 12.11 12.13
13.28 12.54 12.47
12.76 12.21 12.16
12.97 12.56 12.57
12.60 12.27 12.13
11.60 11.30 11.29
12.18 11.84 11.83
13.39 12.78 12.59
13.52 12.70 12.46
12.62 12.07 12.06
12.72 11.92 11.74
12.47 11.99 11.96
13.32 12.39 12.19
12.42 11.72 11.95
11.78 11.24 11.42
11.24 10.538 10.34
12.10 11.77 11.511
13.29 12.47 12.22
12.87 12.57 12.55
11.49 11.31 11.38
11.26 10.51 10.44
12.21 11.83 11.87
8.39 7.693 7.70
12.08 11.61 11.75
12.38 11.97 11.89
13.25 12.63 12.49
13.97 13.51 13.50
12.71 12.16 12.14
12.55 12.01 11.93
13.24 12.55 12.35
13.36 12.53 12.42
14.13 13.13 12.87
15.65 15.51 15.71
14.61 14.57 15.06
14.61 14.36 14.46
12.86 12.16 12.03
11.986 11.503 11.55
12.36 11.43 11.21
13.40 13.38 13.55
12.61 12.04 12.03
13.57 12.94 12.90
11.04 10.70 10.725
12.81 12.34 12.34
13.09 12.10 11.88
14.02 13.14 12.97
12.41 11.84 11.80
13.1 12.42 12.51
13.28 12.43 12.34
11.17 10.86 10.72
11.97 11.61 11.80
11.83 11.36 11.52
13.81 13.03 12.69
13.37 12.52 12.50
12.97 12.25 12.21
12.97 11.78 11.43
19.81 17 17.27
12.86 12.11 12.00
15.03 13.97 13.83
12.95 12.13 11.90
13.77 12.76 12.57
13.89 13.08 12.92
12.32 11.60 11.53
12.71 12.26 11.97
14.93 14.57 14.67
15.9 16.8 16.32
12.48 12.05 12.05
12.74 12.16 12.15
15.40 15.66 16.01
14.97 15.29 15.76
16.06 15.99 16.30
16.5 17.14 17.6
15.90 16.33 16.1
13.86 13.75 13.81
14.88 14.63 15.23
16.04 15.52 15.63
16.20 16.13 16.23
16.37 16.43 16.30
15.61 15.91 15.95
15.38 15.52 15.93
12.32 12.65 12.84
15.20 15.06 15.51
16.02 16.16 16.48
15.92 16.19 16.31
14.64 15.02 15.33
15.49 15.60 16.12
12.07 12.06 12.29
12.06 12.02 12.30
15.22 15.24 15.59
16.8 15.8 16.4
15.29 15.40 15.73
15.02 15.44 15.84
17.2 17.2 18.3
14.69 15.02 15.46
16.26 15.91 15.92
16.77 16.43 16.12
13.57 13.62 13.72
13.61 13.81 14.12
15.58 15.54 15.62
16.0 16.6 16.5
16.0 16.47 16.8
15.92 16.20 16.42
17.9 17.71 17.5
14.02 14.29 14.63
15.11 15.12 15.58
12.52 12.79 13.08
17.5 16.77 16.32
14.64 14.46 14.55
12.92 12.93 13.39
16.5 16.1 17.3
16.04 16.09 16.07
16.82 16.27 15.5
16.4 17.0 17.0
17.1 17.0 17.6
16.32 15.88 15.97
13.16 13.22 13.45
15.12 15.03 15.29
16.70 16.56 16.58
14.30 14.50 14.73
15.20 15.26 15.79
16.65 16.23 16.55
14.55 14.87 15.35
14.89 15.03 15.26
17.6 17.803 18.3
17.5 17.38 16.9
14.94 14.88 15.40
14.15 14.30 14.67
12.40 12.26 12.15
15.85 15.52 15.77
16.9 16.63 17.1
13.30 13.59 13.70
16.02 15.87 16.08
15.8 16.4 16.5
16.37 15.69 15.53
15.261 15.506 15.642
15.07 15.27 15.39
14.045 14.324 14.445
15.53 15.47 15.80
16.09 15.84 15.53
15.08 14.99 15.38
15.46 15.44 15.59
15.97 15.72 15.90
16.5 16 16.2
15.37 14.97 15.01
15.64 15.29 15.16
14.49 14.53 14.647
13.84 13.96 13.96
18.1 16.99 17.9
17.2 17.53 17.0
14.85 14.57 14.63
15.49 15.41 15.75
17.3 16.6 16.1
14.91 14.82 15.20
13.82 13.49 13.67
15.02 15.05 15.16
14.38 14.64 14.90
14.52 14.74 15.19
16.4 16.76 16.7
13.39 13.64 13.5
14.64 14.89 15.20
15.50 15.57 15.54
14.41 14.39 14.66
12.99 12.27 12.18
13.88 13.69 13.82
13.54 13.34 13.55
12.70 12.01 12.86
16.2 16.33 16.0
15.23 14.92 14.84
12.31 12.47 12.67
11.64 11.50 11.60
15.01 14.94 14.88
13.77 14.01 14.35
14.13 13.66 13.75
14.62 14.54 14.87
16.20 16.42 16.6
12.90 12.24 12.12
12.58 12.54 12.79
15.23 15.06 15.29
15.03 15.09 15.55
14.18 13.64 13.56
12.70 11.86 11.72
17.7 16.3 16.8
12.66 11.81 11.73
16.32 15.82 16.12
15.63 15.19 15.22
15.40 13.59 12.88
16.24 16.11 16.38
16.8 16.6 16.7
16.36 16.05 16.11
13.25 12.75 12.74
16.18 15.86 15.98
15.54 15.43 15.60
16.27 16.12 16.14
12.70 12.26 12.20
12.64 12.17 12.13
11.92 11.52 11.49
14.19 14.29 14.52
13.10 12.47 12.31
13.15 11.91 11.60
11.95 11.31 11.19
12.29 11.61 11.48
15.31 15.55 15.94
11.43 11.04 11.48
12.96 12.59 12.59
15.81 15.56 15.62
15.63 15.15 15.30
16.42 15.83 15.96
14.97 14.46 14.34
16.08 15.38 15.63
11.81 11.35 11.52
15.32 14.95 14.85
16.09 15.80 15.97
16.35 16.02 16.05
15.28 14.94 14.68
15.78 15.39 15.43
15.03 14.80 14.89
13.06 12.36 12.30
14.12 14.18 14.35
12.55 12.08 12.01
12.26 11.44 11.09
13.68 12.81 12.61
12.63 12.13 12.05
14.51 14.54 14.72
13.01 12.93 12.40
11.16 11.15 11.19
13.24 12.58 12.48
11.60 11.51 11.52
11.81 11.68 11.91
12.08 11.67 11.66
12.22 12.66 12.49
12.59 11.96 11.65
12.69 12.12 12.09
16.39 15.80 15.56
16.10 15.69 15.46
11.79 11.51 11.45
12.20 11.43 11.27
12.50 11.13 10.95
11.06 10.52 10.95
13.37 12.77 12.58
13.20 12.69 12.61
12.06 11.47 11.73
16.36 15.73 16.13
15.9 16.737 15.8
16.75 16.29 15.80
15.74 15.46 15.64
15.56 15.46 15.60
10.92 10.67 10.73
12.01 11.46 11.31
11.73 11.45 11.00
12.23 12.36 12.55
12.52 11.95 11.91
14.98 14.94 15.18
14.11 14.21 14.34
12.64 12.17 12.15
15.02 14.82 15.05
11.45 10.93 11.22
13.29 12.48 12.12
11.66 11.31 10.673
11.16 10.81 10.76
16.7 16.8 16.6
12.34 11.92 11.85
12.02 11.71 11.74
10.69 10.32 10.39
13.36 13.32 13.37
16.6 17.97 17.0
14.78 14.83 14.90
15.20 15.24 15.27
7.24 6.93 7.78
12.13 11.42 11.16
10.37 9.54 9.58
11.77 11.93 12.13
14.80 14.90 15.07
14.11 14.20 14.36
16.55 16.39 16.02
13.47 13.51 13.66
14.49 14.28 14.25
11.20 10.88 10.84
12.31 11.77 11.54
11.57 10.99 10.80
10.02 9.81 9.98
16.8 16.8 17.7
15.04 15.05 15.30
16.8 17.0 17.5
14.82 15.04 15.47
14.82 14.89 15.04
13.737 13.866 13.906
9.44 9.36 9.64
11.01 10.68 10.67
10.41 10.04 10.14
13.33 13.35 13.65
14.93 15.18 15.35
13.19 13.22 13.41
15.16 15.29 15.74
10.39 10.39 10.56
13.11 12.52 12.44
13.56 12.94 13.05
11.42 10.94 10.79
10.71 10.51 10.58
14.71 14.91 14.91
13.95 14.14 14.21
10.29 9.98 10.08
10.68 10.40 10.37
10.85 10.52 10.42
16.6 17.0 16.8
11.09 10.92 10.94
10.64 10.38 10.41
13.5 14.1 14.37
15.39 15.31 15.21
17.8 16.86 17.6
11.57 11.82 12.01
15.11 15.25 15.39
14.73 14.95 15.01
13.18 13.28 13.51
16.84 16.53 16.45
16.8 16.76 16.4
15.06 15.02 15.11
12.47 12.83 12.55
13.72 14.00 14.26
14.13 14.29 14.51
14.80 14.72 14.78
15.12 15.18 15.42
13.89 14.08 14.39
15.43 15.64 15.58
15.75 15.93 15.96
14.26 14.46 14.74
14.35 14.63 15.14
15.34 15.45 15.82
13.74 14.00 14.42
15.63 15.87 16.22
15.39 15.72 15.90
14.18 14.38 14.71
16.7 17.0 17.3
13.65 13.86 14.26
14.26 14.43 14.70
14.87 15.04 15.43
15.61 15.79 16.098
15.88 16.15 16.03
16.6 16.17 16.0
14.20 14.41 14.61
14.39 14.51 14.85
14.22 14.41 14.69
14.87 15.01 15.35
15.95 16.01 16.09
21.4 16.56 16.7
15.21 15.13 15.44
15.059 15.280 15.299
15.52 15.02 15.03
15.91 15.36 15.56
13.65 13.38 13.48
14.73 14.87 15.38
15.85 15.81 15.76
16.5 16.5 16.1
15.29 15.32 15.80
13.88 13.90 14.17
16.9 17.1 17.2
16.00 15.94 16.04
14.86 14.78 15.05
14.27 14.04 14.17
15.91 15.96 15.96
14.0 13.399 13.047
17.2 17.7 17.2
16.45 16.36 16.49
14.56 14.83 15.01
16.04 15.99 16.03
14.73 14.71 14.97
17.3 16.4 16.4
14.86 15.04 15.34
15.45 15.42 15.72
14.13 13.72 13.69
15.19 14.95 14.95
15.24 15.48 15.63
15.89 15.86 15.76
14.03 14.23 14.58
17.7 17.6 16.9
12.61 12.31 12.26
15.11 15.29 15.70
15.50 15.64 15.86
15.48 15.35 15.15
16.7 17.2 18.4
16.6 16.4 16.4
12.78 12.95 13.27
15.66 15.72 15.86
14.28 14.48 14.81
15.97 15.96 16.06
15.57 15.82 16.16
15.90 16.04 15.72
13.79 13.56 13.82
17.1 16.63 15.6
17.6 18.3 17.2
12.736 12.973 13.079
15.50 15.58 15.93
17.7 16.13 16.5
20.0 19.24 20.3
15.67 15.74 16.21
15.49 15.70 16.07
16.2 16.23 16.2
15.725 15.885 15.941
14.94 15.10 15.44
15.50 15.53 16.02
15.59 15.22 15.03
17.8 17.0 17.4
14.79 14.94 15.05
12.858 12.877 12.810
12.52 12.32 12.53
14.57 14.48 14.85
14.51 14.73 15.15
14.86 15.12 14.54
13.27 13.04 13.04
14.18 14.16 14.08
15.59 15.77 16.32
17.4 16.3 17.0
15.55 15.60 15.85
15.04 15.16 15.57
16.02 16.10 16.1
14.47 14.76 15.07
15.28 15.45 16.11
17.6 16.8 16.6
14.38 14.47 14.79
16.3 16.7 16.9
17.0 16.6 16.7
14.51 14.64 14.89
14.12 14.20 14.41
17.8 19.468 19.0
19.2 19.983 20.2
16.8 16.6 16.0
14.628 14.760 14.810
13.12 12.96 12.98
14.98 14.98 15.37
15.20 15.28 15.60
15.95 15.97 16.14
14.65 14.73 15.00
15.28 15.43 15.86
14.80 14.97 15.14
14.08 14.18 14.55
14.18 14.43 14.78
14.45 14.59 14.80
14.60 14.48 14.71
14.54 14.57 14.88
13.96 13.90 13.94
14.40 14.63 15.03
12.77 12.95 13.23
13.8 14.5 14.3
16.29 15.89 15.88
16.40 15.93 16.00
14.68 14.78 14.99
15.45 15.40 15.94
14.43 14.43 14.68
16.3 16.7 16.6
13.66 13.47 13.41
15.85 15.94 16.22
15.61 15.81 16.24
12.19 11.72 11.76
15.50 15.67 16.05
14.41 14.61 15.00
12.82 12.42 12.91
14.35 14.42 14.89
15.74 15.97 16.16
13.99 14.19 14.66
18.910 19.111 19.206
16.329 16.551 16.183
19.440 19.633 19.722
17.674 17.815 17.853
18.444 18.515 18.508
18.666 18.814 18.803
18.413 18.509 18.517
18.682 18.924 18.927
16.19 15.84 15.96
13.87 14.02 14.33
11.65 11.73 12.03
15.58 15.75 15.77
17.3 16.7 16.6
15.79 15.78 16.14
16.8 16.8 16.6
15.25 15.36 15.75
12.89 12.73 12.93
19.577 19.734 19.800
19.744 19.880 19.878
13.98 14.12 14.33
15.47 15.39 15.52
15.58 15.78 15.78
13.47 13.49 13.52
14.90 15.17 15.26
14.10 13.92 13.80
14.43 14.53 14.62
15.15 15.32 15.54
13.95 14.12 14.54
17.7 16.50 17.2
12.85 13.13 13.44
16.56 16.06 16.10
16.48 15.81 15.61
16.4 17.13 16.7
13.714 14.012 14.144
14.290 14.336 14.360
13.71 13.72 13.80
15.19 15.07 15.35
16.19 16.06 15.88
13.349 13.563 13.662
15.42 14.98 14.92
15.41 15.00 15.17
14.70 14.86 15.36
15.7 15.85 15.6
14.56 14.77 14.85
11.15 11.27 11.66
15.13 14.74 14.59
16.19 16.33 16.26
14.45 14.21 14.30
13.29 13.33 13.43
15.80 15.77 16.03
17.1 16.68 16.6
16.1 16.54 16.6
13.55 13.53 13.72
15.40 15.58 15.90
12.60 12.03 12.67
14.99 15.17 15.86
15.51 15.79 15.93
15.28 15.52 15.98
14.51 13.86 13.85
14.11 14.37 14.61
15.48 15.78 15.93
16.37 16.51 16.49
16.12 16.26 16.26
16.9 16.73 16.5
16.20 15.69 16.07
12.821 12.967 13.032
17.2 17.80 17.7
17.5 16.87 16.4
14.85 14.98 16.04
16.79 16.53 15.99
15.0 14.8 15.751
14.34 14.56 14.99
16.26 15.99 16.02
16.7 16.65 15.9
16.4 16.41 16.4
16.2 15.894 15.8
16.4 16.30 16.4
16.48 16.52 15.64
14.75 14.70 14.83
12.49 12.64 13.79
15.92 15.88 15.98
16.7 16.38 16.2
12.94 12.69 12.71
15.03 15.07 15.50
15.95 16.19 16.34
16.6 16.90 16.4
16.2 16.37 16.2
15.848 15.72 15.83
15.11 15.16 15.49
12.94 13.20 13.52
14.42 14.64 14.71
16.0 16.57 16.6
16.5 16.82 16.5
14.27 14.48 14.90
16.3 16.53 16.3
14.83 14.77 14.96
16.6 16.49 16.1
17.0 16.74 16.7
17.0 16.92 16.5
16.4 16.50 16.6
16.9 16.82 16.6
17.0 16.819 17.0
13.55 13.53 13.93
15.488 15.42 15.52
15.30 15.25 15.54
14.48 14.35 14.41
15.82 15.78 16.00
15.83 15.97 16.26
12.63 12.82 13.19
14.77 14.95 15.22
16.6 17.10 17.1
16.2 16.64 16.4
16.4 16.44 16.6
15.09 14.65 14.55
15.70 15.94 16.22
13.87 13.25 13.07
14.65 14.45 14.59
13.91 14.14 14.47
16.9 16.85 16.8
13.83 13.74 13.86
15.39 15.27 15.52
16.7 16.80 14.79
15.26 15.543 15.62
16.61 16.42 16.48
15.97 15.57 15.53
17.25 16.13 16.40
14.10 14.27 14.73
15.47 15.62 15.81
14.88 14.92 15.21
17.2 16.8 15.84
14.78 14.70 14.90
16.6 15.86 16.1
17.00 16.75 16.32
14.18 14.11 14.24
16.8 16.55 16.5
11.42 11.65 12.00
13.67 13.74 13.89
13.73 13.98 14.29
14.66 14.77 14.88
14.94 15.16 15.50
15.88 16.03 16.19
15.18 15.49 15.69
16.19 16.43 16.50
15.04 14.92 15.05
13.15 13.38 13.75
16.6 16.74 16.4
14.3 14.63 13.7
16.6 16.13 16.3
16.01 15.81 15.18
15.42 15.76 16.09
16.11 15.96 15.84
15.98 16.10 16.16
14.21 14.35 14.90
16.18 16.12 16.11
15.90 15.72 15.08
14.20 14.44 14.88
16.24 16.26 15.96
14.70 14.98 15.29
13.31 13.49 13.81
14.10 14.15 14.28
13.84 14.08 14.40
15.69 15.79 15.88
13.499 13.758 13.877
14.35 14.57 14.72
14.62 14.53 14.62
15.45 15.26 15.16
17.7 16.43 17.2
15.1 14.61 14.7
16.47 16.44 16.15
15.81 15.43 15.39
15.22 15.34 15.50
15.03 15.10 15.34
18.7 18.57 19.1
13.52 13.72 14.12
16.7 16.75 16.7
16.17 16.25 16.18
16.01 15.96 16.00
15.81 15.79 15.97
15.59 15.60 15.90
16.4 16.57 16.5
14.19 14.12 14.35
13.92 14.12 14.46
14.81 14.76 14.98
15.68 15.63 15.36
13.47 13.57 13.85
16.0 16.49 16.4
14.27 13.91 14.14
14.07 14.11 14.51
16.9 16.42 16.2
14.87 14.99 15.50
15.66 15.57 15.67
13.64 13.79 14.23
14.82 14.48 14.56
16.2 16.45 16.4
15.70 15.59 16.07
16.4 16.82 16.9
16.39 16.52 16.15
14.08 14.33 14.57
15.56 15.55 16.14
16.7 16.65 16.7
15.43 15.49 15.74
16.6 16.83 16.7
16.3 16.06 16.0
12.727 12.430 12.72
10.01 9.20 9.47
15.49 15.76 16.16
14.12 13.90 13.97
9.38 9.45 9.54
13.99 12.44 11.84
14.82 13.44 12.99
14.97 15.13 15.43
14.63 14.52 14.64
15.9 15.63 15.63
15.32 15.45 15.65
16.1 16.21 15.89
13.40 13.59 13.83
18.85 18.58 18.39
18.8 17 15.1
14.74 14.6 14.80
11.39 10.59 10.11
15.25 15.17 15.36
17.5 16.80 17.4
12.47 10.99 10.99
12.42 11.86 10.98
11.59 11.02 10.75
11.00 10.74 10.68
12.7 11.70 11.29
9.89 9.41 9.67
9.271 9.4 9.62
13.58 13.25 13.39
12.26 12.34 12.63
14.83 15.27 15.14
14.90 14.87 14.93
15.56 15.53 15.66
11.47 11.09 11.49
13.01 12.32 12.13
11.90 11.49 11.52
11.61 11.30 11.42
12.40 11.88 12.66
11.43 11.37 11.74
17.93 18.02 18.01
17.66 17.54 17.43
14.84 14.85 15.12
14.48 14.65 14.87
10.61 9.65 9.77
12.44 11.85 11.81
11.23 10.88 10.78
11.67 11.21 11.21
11.56 11.24 11.45
12.08 11.55 11.59
12.15 11.62 11.56
14.54 13.58 13.53
12.59 12.01 12.10
12.26 11.86 11.89
11.02 10.56 10.55
12.12 11.88 12.01
12.51 12.69 12.74
12.13 12.16 12.36
15.39 15.48 15.62
13.11 12.18 12.22
11.78 11.16 11.14
12.41 11.84 11.52
15.16 15.42 15.84
16.23 16.27 16.29
12.26 11.80 11.87
12.53 11.94 12.03
12.92 12.15 12.22
12.52 12.06 12.03
12.01 11.51 11.71
12.70 11.57 11.74
8.661 8.943 9.070
12.41 11.60 11.55
13.15 12.28 12.34
11.89 11.53 11.57
12.49 11.72 11.84
16.02 14.71 14.68
13.12 12.39 12.40
15.64 15.67 15.91
14.78 14.81 15.21
15.03 15.12 15.55
18.8 19.20 19.6
15.11 15.20 15.73
15.10 15.34 15.48
12.62 12.16 12.14
17.19 16.75 16.49
15.62 15.49 15.68
15.71 15.33 15.48
16.30 16.44 16.21
15.65 15.88 16.28
14.78 14.59 14.74
15.18 15.28 15.69
15.42 15.55 15.47
15.65 15.55 16.00
12.55 11.82 12.17
12.05 11.68 12.56
15.02 15.20 15.42
14.362 14.211 14.049
14.57 14.84 14.95
14.600 14.773 14.831
14.877 15.019 15.098
12.11 12.14 12.32
12.10 11.50 11.73
11.885 11.174 10.91
12.00 11.92 12.95
14.205 14.396 14.481
13.17 13.21 13.46
14.82 14.85 15.01
15.68 15.82 15.94
12.64 12.72 12.97
11.82 11.33 11.25
12.67 12.67 12.85
14.68 14.76 15.16
14.18 14.42 14.57
15.22 15.35 15.89
14.53 14.72 15.05
14.77 14.61 14.67
10.91 10.86 10.987
15.14 15.38 15.87
14.23 14.31 14.46
15.16 15.41 15.69
12.79 12.85 13.04
12.26 12.17 11.58
16.67 16.23 15.80
12.64 11.57 11.55
12.84 12.13 12.05
13.51 13.60 13.76
18.3 16.4 17.0
17.4 16.4 16.5
15.66 15.96 15.85
15.50 15.90 16.41
16.27 16.24 16.16
16.3 16.4 16.6
16.14 16.11 16.15
17.3 16.83 16.8
15.87 16.09 15.81
15.90 15.99 16.18
13.62 13.67 13.80
11.27 11.22 11.54
10.91 10.96 11.20
15.92 16.25 16.03
16.20 16.41 15.61
15.49 15.73 16.09
12.32 11.9 11.75
12.24 11.5 11.57
12.69 12.27 12.01
12.24 11.52 11.59
12.56 11.91 11.60
12.11 11.93 11.18
15.17 15.18 15.14
15.37 15.66 15.83
13.87 13.81 13.98
15.2 14.82 16.14
15.96 16.10 16.30
13.79 13.83 14.07
12.30 11.77 11.64
12.00 11.38 10.94
11.88 10.66 10.13
13.05 11.25 10.291
16.14 16.18 16.07
12.82 12.86 13.08
13.63 13.76 14.07
12.10 11.89 11.80
13.46 12.85 11.83
14.74 14.63 14.88
15.01 15.12 15.32
15.31 15.52 15.84
12.51 11.6 11.20
12.30 11.13 10.71
12.22 11.68 11.420
17.6 13.20 16.1
11.99 11.50 11.544
16.17 15.69 15.95
12.03 11.88 11.74
11.61 10.81 10.288
12.04 12.03 11.82
14.95 15.10 15.53
15.71 15.66 15.86
17.22 16.6 17.02
15.26 15.35 15.35
16.2 16.6 16.6
15.16 15.22 15.58
16.4 17.809 18.3
17.69 17.873 17.910
17.73 17.125 16.565
11.35 11.27 11.15
12.66 11.27 10.680
13.47 13.00 12.87
15.32 15.41 15.61
12.41 12.64 13.00
14.58 14.67 14.79
16.07 16.23 16.45
16.08 15.93 16.23
14.71 14.87 15.43
13.77 13.10 12.85
15.73 15.77 15.84
15.65 15.93 15.88
17.3 16.92 16.9
15.03 13.68 13.48
11.44 10.68 10.48
10.43 9.87 9.47
10.008 9.59 9.89
16.27 15.85 15.95
15.98 16.13 15.69
14.305 14.199 14.310
12.295 11.93 11.79
15.14 15.074 15.33
14.948 14.509 14.77
13.73 13.63 14.01
15.33 15.35 15.72
13.85 13.700 13.70
14.28 14.23 14.53
13.321 12.713 12.33
13.82 13.888 14.20
14.39 14.36 14.41
15.97 16.16 16.17
13.92 14.12 14.40
9.51 9.10 9.26
9.28 9.09 8.87
9.23 9.15 9.68
12.89 12.78 12.67
13.13 12.98 12.85
10.02 9.97 10.15
10.30 10.28 10.48
10.64 10.62 10.57
14.09 14.30 14.55
14.95 15.08 15.27
15.55 15.71 15.88
13.59 13.83 14.28
15.80 15.54 15.58
9.28 9.73 9.65
9.13 9.10 9.54
10.87 10.63 10.67
13.635 13.197 13.17
12.641 12.240 12.16
13.626 13.283 13.21
13.820 13.048 12.81
13.573 13.187 13.32
15.791 14.776 14.39
13.935 13.332 13.08
14.003 13.595 13.52
12.589 12.170 12.12
14.074 13.527 13.55
13.569 13.230 13.22
13.267 12.921 12.95
13.932 13.562 13.64
17.718 15.810 15.33
9.23 9.29 9.60
15.7 16.0 15.8
17.1 16.7 16.4
12.98 12.82 12.94
14.01 13.92 14.10
13.47 13.44 13.65
9.74 9.63 9.95
9.88 9.63 9.90
12.47 11.90 11.62
10.34 10.18 10.18
13.74 13.50 13.78
13.39 13.32 13.53
13.82 13.75 13.96
13.95 13.84 14.08
14.21 14.09 14.25
10.07 9.77 10.09
9.74 9.64 9.83
11.15 11.01 11.11
11.93 11.86 12.08
12.53 12.70 12.68
14.97 15.1 15.18
14.77 14.68 14.77
14.51 14.56 14.79
15.27 15.30 15.62
14.85 14.80 14.93
8.94 8.95 9.08
9.51 9.47 9.68
14.02 13.64 13.71
15.42 15.57 15.77
9.316 9.13 9.58
11.75 10.77 10.48
12.03 11.55 11.27
12.09 11.22 11.10
16.20 16.05 16.44
14.97 15.11 15.29
15.22 15.44 15.80
12.44 12.41 12.67
14.31 14.55 15.01
13.34 13.38 13.50
10.75 10.95 10.88
13.85 14.00 14.18
16.4 16.0 16.65
15.38 15.38 15.30
15.60 15.66 15.98
13.66 13.92 14.34
14.12 14.07 14.33
14.95 15.15 15.53
9.17 9.04 9.58
13.98 14.13 14.37
15.82 16.02 15.87
11.95 11.48 11.37
14.64 13.49 13.23
11.07 10.78 10.83
15.63 15.76 15.79
15.52 15.84 15.43
13.55 13.73 14.12
14.47 14.68 15.00
13.72 13.57 13.60
15.57 15.82 15.78
14.90 14.98 15.33
15.53 15.7 15.83
14.76 14.99 15.09
14.97 15.21 15.89
15.19 15.28 15.57
14.49 14.70 14.95
14.20 14.36 14.68
13.18 13.36 13.59
15.00 15.05 15.54
13.77 13.91 14.26
14.62 14.80 15.02
15.00 15.22 15.73
21.8 17.47 14.47
21.1 17.19 14.63
11.06 10.71 10.61
14.11 14.24 14.61
14.42 14.65 14.97
14.30 14.06 14.16
13.63 12.45 12.50
14.30 13.40 12.74
10.73 10.47 10.357
18.58 18.38 18.32
15.5 15 15.8
15.20 14.88 15.03
12.16 11.54 11.19
17.915 17.800 17.712
12.00 11.87 11.57
12.21 12.02 12.15
16.63 16.47 16.36
10.52 9.88 9.61
15.27 15.43 15.91
14.96 15.11 15.61
16.32 16.35 16.37
15.84 16.06 15.47
14.87 14.98 15.31
15.38 15.52 15.95
15.52 15.15 15.19
15.31 15.31 15.35
15.20 15.41 15.77
15.63 15.46 15.84
17.4 17.3 17.3
15.60 15.70 15.90
16.00 16.18 16.0
15.74 15.67 15.73
13.92 14.06 14.36
12.69 12.45 12.90
14.87 14.05 13.85
14.26 14.38 14.72
11.90 12.12 12.54
12.17 12.69 12.46
16.9 16.93 17.1
11.66 11.91 12.05
15.62 15.85 16.15
15.19 15.26 15.62
15.04 15.08 15.20
14.50 14.63 14.83
15.65 15.73 16.05
12.76 13.01 13.39
15.22 15.56 15.91
14.82 15.25 15.72
15.61 15.71 15.05
14.95 15.25 15.26
15.05 15.17 15.37
15.02 15.23 15.52
15.31 15.49 15.82
15.09 15.20 15.36
14.63 14.82 15.07
13.7 13.95 14.20
14.36 14.47 14.79
16.13 16.30 16.41
14.12 14.23 14.64
15.72 15.87 16.29
14.21 14.42 14.65
15.75 16.03 16.27
14.96 15.06 15.13
15.03 15.17 15.54
12.82 12.94 13.30
13.60 13.63 14.05
14.30 14.69 14.72
19.011 19.441 18.575
18.196 17.759 17.445
18.391 18.651 18.728
17.614 17.830 17.791
17.858 17.747 17.636
13.36 13.57 13.84
13.09 13.29 13.58
13.08 13.35 13.69
13.65 13.80 14.13
14.09 14.24 14.51
13.94 14.09 14.35
14.22 14.45 14.76
13.49 13.70 14.04
14.37 14.56 14.81
14.51 14.70 15.07
14.05 14.16 14.65
13.87 13.74 14.22
13.60 13.76 14.05
14.49 14.60 14.91
15.25 15.49 15.83
15.81 15.82 16.18
14.57 14.79 15.00
14.80 15.09 15.36
16.8 16.911 17.0
15.62 15.70 16.08
15.77 15.86 15.93
15.45 15.63 15.46
16.1 16.36 16.5
15.9 16.148 16.4
14.93 15.18 15.64
15.60 15.74 15.91
14.74 14.98 15.44
15.52 15.55 15.79
14.70 14.96 15.22
15.49 15.42 15.88
14.32 14.36 14.74
14.09 14.09 14.56
17.38 15.61 13.3
16.27 16.19 16.18
12.53 11.96 11.86
13.36 12.61 12.46
13.93 13.13 12.84
15.57 14.18 13.89
13.00 12.29 12.23
13.18 12.47 12.56
15.06 13.98 14.16
15.6 16.706 16.6
15.55 15.56 15.79
14.48 14.60 14.47
14.85 15.00 14.92
15.68 15.64 15.77
15.70 15.54 16.15
13.76 13.54 13.62
14.27 14.57 14.79
14.92 15.13 15.36
10.81 10.69 10.76
11.65 11.20 11.16
12.23 11.90 11.87
17.6 17.6 17.6
18.1 18.1 18.0
14.74 14.54 14.88
15.77 15.91 15.96
13.65 13.74 13.84
16.7 17.5 16.8
16.3 16.10 16.4
15.20 15.40 15.50
14.80 14.99 15.38
13.42 13.55 13.80
16.9 16.23 16.31
10.09 10.03 10.17
15.14 14.84 15.70
12.12 12.23 12.50
12.08 12.35 12.68
12.20 12.30 12.23
13.114 12.516 12.10
12.39 14.631 12.95
11.36 10.87 11.46
14.16 13.96 14.02
14.69 13.68 13.38
15.67 14.43 13.90
14.39 14.456 14.67
13.40 12.97 12.96
15.64 15.46 15.73
14.82 14.84 15.06
14.15 14.33 14.65
12.57 12.23 12.17
14.01 14.16 14.44
13.10 13.20 13.39
13.50 13.68 13.97
13.93 14.13 14.38
14.68 14.94 15.33
13.69 13.82 13.99
13.88 14.07 14.30
14.41 14.22 14.15
12.91 13.10 13.43
14.25 14.09 14.21
14.44 14.64 14.79
14.63 14.78 15.01
14.44 14.63 15.06
14.02 14.15 14.39
14.18 14.33 14.78
14.94 15.11 15.54
14.13 14.17 14.49
14.28 14.43 14.74
13.21 13.05 13.13
14.81 14.79 15.61
13.74 13.96 14.29
14.67 14.96 15.17
14.10 14.31 14.62
14.63 14.82 14.71
14.39 14.55 14.84
12.88 12.63 12.73
13.91 14.01 14.35
14.88 15.07 15.66
13.11 12.91 13.02
13.62 13.80 14.15
13.17 13.03 13.13
13.39 13.53 13.80
13.37 13.19 13.35
14.35 14.46 14.92
13.49 13.22 13.28
13.67 13.56 13.69
13.54 13.65 13.89
13.54 13.57 13.82
14.08 14.25 14.51
14.18 13.80 13.77
12.95 13.28 13.36
13.62 13.82 14.05
14.04 14.29 14.64
14.18 14.31 14.60
14.45 14.69 14.97
14.24 14.48 14.88
13.72 13.49 13.57
14.36 14.61 14.77
14.27 14.58 15.00
14.63 14.82 15.20
14.36 14.47 14.81
14.31 14.48 14.82
13.86 13.98 14.21
13.97 13.86 14.21
13.63 13.86 14.17
14.42 14.63 14.96
14.09 14.33 14.49
13.25 13.41 13.71
13.53 13.74 13.90
14.74 14.80 15.04
12.85 13.05 13.29
14.09 14.16 14.49
13.13 13.19 13.66
13.47 13.68 14.00
14.07 14.26 14.57
14.11 14.40 14.70
14.19 14.30 14.51
13.00 12.81 12.88
13.44 13.54 13.91
14.14 14.28 14.38
13.50 13.31 13.56
13.01 12.79 12.88
14.48 14.66 14.99
13.25 13.25 13.46
13.56 13.35 13.42
13.56 13.65 13.85
14.14 13.95 14.04
14.71 14.91 15.17
13.19 13.04 13.27
13.25 13.15 13.10
13.63 13.54 13.72
15.65 15.56 15.75
15.08 15.11 15.09
14.41 14.39 14.74
15.17 14.96 15.13
15.65 15.44 15.63
13.21 13.37 13.67
15.74 15.23 15.68
15.70 15.63 15.86
15.68 15.51 15.52
15.40 15.27 15.45
13.05 13.21 13.37
15.89 15.72 15.64
15.57 15.44 15.71
15.07 15.04 15.13
16.28 16.05 16.18
15.84 15.94 16.06
13.54 13.60 13.76
15.04 14.99 15.07
15.36 15.42 15.59
14.96 14.92 14.97
14.96 15.18 15.56
14.88 15.04 15.37
13.58 13.77 14.06
13.19 13.35 13.51
15.25 15.17 15.80
14.66 14.66 15.24
12.69 12.83 13.00
