9.633 9.543 9.503
12.19 11.37 11.0
9.48 9.03 8.8
11.13 9.817 9.29
14.06 12.76 12.34
11.95 11.21 11.42
15.77 14.81 14.86
9.35 9.18 8.84
15.11 14.27 14.30
9.07 8.68 8.4
14.39 13.82 13.97
16.33 15.74 15.99
9.54 9.17 8.7
17.23 16.62 16.14
16.77 16.32 16.23
15.13 14.76 14.92
11.43 10.39 9.83
11.79 10.99 10.8
11.99 11.46 11.36
14.82 14.40 14.26
16.00 15.30 15.26
17.91 15.71 13.33
17.2 17.2 16.2
12.14 11.54 11.57
14.32 13.79 13.73
10.653 10.202 9.888
15.6 15.4 15.54
11.73 11.18 11.05
9.96 9.45 9.40
10.426 9.982 9.818
13.23 12.76 12.76
13.40 13.00 13.18
9.28 8.50 8.14
17.9 18.81 17.8
9.28 8.92 8.7
12.69 12.15 12.19
12.47 11.83 12.17
9.42 9.06 8.9
18.722 18.043 17.623
8.9 8.730 8.6
10.80 10.53 10.36
12.56 12.00 12.2
16.10 15.57 15.58
10.30 10.056 9.84
9.52 9.11 8.9
10.852 10.409 10.14
12.40 12.34 11.9
14.8 15.45 15.33
9.78 9.42 9.22
15.77 15.23 15.2
15.44 14.97 14.8
12.62 12.18 12.5
9.746 9.413 9.03
10.421 10.055 9.96
20.1 17.1 17.9
15.51 15.23 15.52
16.2 14.63 15.80
13.91 13.21 13.05
15.35 14.15 13.76
15.47 14.71 14.61
11.47 11.29 11.14
11.23 10.12 9.46
11.41 10.93 10.92
11.72 10.85 10.64
11.49 10.64 10.30
11.78 11.21 11.22
12.08 11.55 11.52
11.87 11.09 10.93
11.61 11.08 11.06
11.73 11.12 11.36
11.64 11.50 11.66
11.70 11.49 11.80
14.71 14.50 14.93
11.32 10.91 10.76
11.55 10.70 10.58
12.01 11.65 11.57
11.67 11.14 11.08
11.83 11.27 11.35
12.15 11.91 11.66
11.21 10.47 10.17
15.66 15.16 15.26
14.56 14.04 14.30
15.53 15.36 15.54
15.45 15.28 15.37
12.96 12.57 12.65
11.90 11.52 11.57
10.78 10.09 9.66
11.918 11.470 11.128
11.33 11.07 10.91
12.02 11.67 10.87
10.79 10.63 10.57
16.05 15.53 15.43
10.89 10.39 10.27
11.49 11.54 11.34
12.240 11.300 10.81
12.464 11.351 10.97
10.344 9.87 9.57
10.97 10.75 10.822
13.59 13.34 13.51
10.6 16.95 15.094
14.065 13.291 12.871
10.77 10.48 10.45
10.48 9.88 9.47
13.01 12.40 12.34
13.27 12.66 12.68
9.09 8.94 8.68
13.12 12.81 12.02
15.12 14.98 15.07
8.50 8.11 8.24
8.45 7.96 8.88
10.39 10.04 9.84
15.99 15.64 15.42
15.01 14.84 15.13
14.72 14.42 14.30
15.75 15.7 15.73
11.46 11.39 11.21
12.02 11.67 10.87
12.35 12.34 12.08
12.10 12.07 11.46
12.48 11.99 12.13
12.201 11.160 10.95
17.092 16.049 15.670
12.71 11.62 11.25
12.87 12.26 11.97
11.65 11.19 11.03
12.85 12.40 12.43
12.729 12.176 12.16
19.485 18.650 18.165
11.46 11.12 11.18
13.081 12.236 11.756
12.00 12.607 14.16
15.03 14.30 14.25
