12.64 12.00 11.95
11.44 10.96 11.0
13.36 12.68 12.72
12.24 11.62 11.25
10.92 10.58 11.4
17.00 16.19 15.84
10.75 10.03 9.90
16.06 15.29 15.46
12.98 11.95 11.65
9.78 9.39 9.0
11.35 10.65 10.322
11.33 10.58 10.409
17.15 16.48 16.27
9.90 9.40 9.0
16.88 16.48 16.23
11.28 10.78 11.3
11.73 11.06 11.5
16.22 15.47 15.70
16.58 16.17 16.11
16.64 16.12 15.90
16.28 15.71 15.72
16.73 16.24 16.26
17.90 16.82 15.30
16.43 15.81 15.63
12.3 11.2 12.6
16.90 16.59 16.33
9.63 9.26 8.8
16.43 15.78 15.98
9.85 9.33 9.2
10.447 9.930 9.55
12.55 11.59 11.39
11.67 10.82 10.3
12.39 11.45 11.34
12.42 11.12 10.67
11.89 11.12 10.93
12.33 11.34 11.10
14.53 13.53 13.28
12.31 11.36 11.07
11.82 10.97 10.87
15.337 14.724 14.288
12.08 11.23 10.81
11.49 10.28 10.035
11.82 11.00 10.45
11.451 10.867 10.16
12.577 12.009 11.76
12.50 11.54 13.50
9.47 8.36 8.83
12.72 11.18 11.32
14.01 12.97 12.27
10.87 10.69 10.58
11.50 11.22 11.05
11.57 10.53 10.58
11.34 10.37 10.26
11.86 11.37 10.8
16.11 15.48 15.51
11.82 11.19 11.23
11.864 11.257 11
10.32 9.65 9.43
12.608 12.06 11.349
10.959 10.411 10.06
16.82 16.0 16.190
15.924 15.297 15.425
16.23 15.4 15.360
15.89 15.6 15.216
15.971 15.211 15.120
16.156 15.538 15.636
16.93 16.1 16.151
16.97 16.4 16.347
15.986 15.504 15.471
15.966 15.411 15.243
16.450 15.875 15.893
16.656 16.132 15.714
12.06 11.16 10.61
11.775 10.777 10.32
15.964 15.255 15.340
16.857 16.219 16.312
14.76 14.09 14.19
11.232 10.657 10.47
11.962 11.354 11.32
11.64 11.05 10.68
11.79 9.5 10.89
11.6 10.6 11.07
11.1 10.00 9.5
12.27 12.26 12.16
12.57 11.88 12.0
12.15 11.67 11.20
12.01 11.46 11.23
9.66 9.11 8.8
15.77 14.24 14.00
19.357 18.127 17.564
21.05 19.49 18.55
11.28 10.41 10.29
12.48 11.52 11.3
9.78 9.12 9.16
11.035 10.504 10.27
12.67 12.16 12.16
14.99 14.25 14.13
10.99 10.17 10.02
9.38 8.91 8.7
10.83 10.09 9.68
14.91 14.38 14.50
11.36 10.75 10.69
15.55 14.87 14.55
10.58 9.98 10.12
9.65 9.18 11.8
11.187 10.694 10.32
9.44 8.95 8.9
11.454 10.856 10.36
9.66 9.23 9.7
12.52 11.53 11.30
12.69 12.05 10.5
12.42 12.37 12.56
12.465 11.517 10.96
11.995 11.068 10.73
13.43 12.10 12.39
11.41 10.48 10.28
12.26 11.37 11.1
11.81 11.13 11.1
11.92 11.35 10.9
12.37 11.50 11.4
11.467 10.864 10.46
11.439 10.791 10.28
10.38 9.81 9.83
16 16.093 15.554
15.32 14.70 14.70
11.00 10.58 10.7
12.901 12.144 11.34
15 13.44 13.739
11.309 10.323 9.79
16.48 15.52 15.39
13.87 13.07 13.294
11.12 10.51 10.56
11.65 10.73 10.18
11.589 11.26 11.03
12.504 11.176 10.39
13.14 11.68 11.39
11.26 9.76 9.75
11.82 11.30 11.02
11.47 10.60 10.34
11.41 10.95 10.84
12.03 11.35 11.16
9.33 8.82 8.6
9.56 9.02 9.14
11.73 11.25 10.93
11.54 11.07 10.83
12.40 11.56 10.95
11.90 11.52 11.10
11.20 10.85 10.62
11.51 11.09 10.74
11.76 11.12 11.004
12.20 11.84 11.85
11.99 11.64 11.06
11.71 11.04 11.07
10.51 9.982 9.75
11.72 11.08 10.89
12.83 11.442 10.57
12.340 11.711 11.03
12.468 11.860 11.26
12.523 11.578 11.20
12.478 11.792 10.76
11.60 10.979 10.83
10.875 10.482 10.09
11.59 11.14 11.03
11.42 10.27 10.19
11.049 10.520 10.32
12.40 12.0 12.09
12.44 12.57 11.28
16.27 14.32 13.27
11.61 11.08 10.97
11.30 10.64 10.44
12.95 12.45 12.39
13.02 12.433 12.21
11.98 11.27 10.82
9.683 9.347 9.47
14.52 13.88 13.81
12.89 12.29 12.25
12.861 12.156 11.97
11.44 11.02 10.78
13.36 12.54 12.40
9.607 9.201 8.938
13.62 12.61 12.37
14.81 14.01 13.83
15.25 14.59 14.51
11.485 10.984 10.86
11.75 10.98 10.91
12.27 10.57 10.29
11.961 11.30 10.92
11.835 10.986 10.52
11.463 10.826 10.68
13.48 13.01 13.02
13.11 11.93 11.61
18.69 17.6 15.861
16.87 16.06 15.7
13.114 12.402 12.06
12.04 11.47 11.65
11.48 10.44 10.10
12.16 11.99 11.05
11.50 11.22 11.05
11.82 11.00 10.45
11.99 11.64 11.06
12.23 11.73 11.66
12.66 12.32 12.11
12.44 11.91 10.47
12.764 12.071 10.55
12.17 11.62 11.30
12.24 12.06 11.58
12.44 11.99 11.71
12.99 12.47 11.89
12.53 12.05 11.90
12.31 11.54 11.27
12.55 11.67 11.48
12.59 11.55 11.62
12.41 11.92 11.54
12.92 12.26 11.79
12.23 11.70 11.69
14.37 13.02 12.08
12.38 11.99 11.41
18.147 16.547 15.52
18.246 17.063 16.67
15.999 15.586 15.22
13.35 12.71 12.55
12.28 11.58 11.54
14.81 13.78 13.44
13.34 12.51 12.36
12.959 12.169 12.06
16.77 16.08 16.25
15.33 14.90 14.88
17.12 16.44 16.43
21.91 20.12 20.08
21.85 22.14 22.11
14.01 13.32 13.24
