10.66 9.338 8.817
10.32 9.16 8.7
13.37 11.85 11.52
13.69 12.82 12.49
9.42 8.36 7.8
11.17 10.27 9.692
13.46 12.21 12.14
13.89 12.77 12.35
10.90 10.31 10.24
10.09 8.49 7.8
11.91 10.70 10.2
9.92 8.93 8.3
10.079 9.024 8.483
9.97 8.96 8.4
11.19 10.64 10.54
13.54 12.73 12.204
12.55 10.70 10.00
10.95 9.73 9.60
12.77 11.43 11.02
12.28 11.30 10.97
12.37 10.988 10.784
11.88 10.73 10.35
11.64 10.28 9.91
11.57 9.95 9.41
16.095 14.721 13.777
13.227 12.161 10.85
13.36 12.49 12.33
12.31 11.00 10.60
10.957 10.052 9.5
12.502 11.41 10.77
11.95 10.52 9.894
11.42 10.12 9.7
12.733 11.929 13.39
15.60 14.74 14.66
12.14 11.23 11.05
14.03 13.20 13.06
11.615 10.356 9.65
10.33 9.50 10.08
14.03 13.28 12.768
11.82 10.94 10.9
12.43 11.31 10.95
16.17 14.38 13.26
13.69 12.24 11.49
11.82 10.49 10.41
13.09 12.25 12.12
11.46 10.17 10.1
9.50 8.52 8.84
9.84 8.65 8.0
12.29 11.61 11.56
13.0 12.044 11.495
17.629 17.066 16.708
12.49 11.29 11.39
11.49 10.41 9.878
11.28 10.06 10.00
12.46 11.18 10.98
12.11 10.98 10.96
12.39 11.38 11.07
11.74 11.04 10.99
12.45 11.50 11.28
11.6 10.8 10.4
12.71 12.41 11.7
11.22 10.67 10.45
11.37 10.29 10.01
12.6 12.2 11.6
11.164 10.194 9.84
9.91 9.20 9.17
12.52 11.37 10.71
17.12 16.19 15.92
11.708 10.625 10.07
11.154 10.084 9.49
10.55 9.92 9.78
10.18 9.55 9.8
9.45 8.27 8.52
10.962 9.370 8.538
15.117 13.791 12.972
11.87 10.759 10.666
10.65 9.622 9.0
10.27 9.84 9.31
12.216 10.978 10.45
11.42 10.09 9.4
10.90 9.948 9.754
10.46 9.532 9.240
10.89 9.71 9.81
11.84 10.38 9.97
11.243 10.003 9.59
17.518 15.915 14.96
12.74 12.28 13.67
11.36 11.09 11.23
10.86 10.16 9.71
15.172 14.203 13.604
11.75 10.74 10.476
14.7 14.0 15.6
10.48 9.79 9.451
12.10 11.37 11.13
11.78 10.81 10.388
11.74 11.63 11.65
12.04 11.29 10.91
14.598 13.719 13.358
11.88 10.93 10.57
11.50 10.65 10.18
11.75 10.85 10.48
15.05 13.53 12.48
13.43 12.20 11.81
11.87 10.86 10.52
9.68 9.04 8.82
12.722 11.666 11.16
13.07 11.93 11.25
14.44 13.70 13.212
11.940 11.499 10.37
11.69 10.91 10.66
11.01 10.30 10.27
11.590 10.378 9.90
12.59 11.27 11.05
11.019 9.409 8.74
12.27 11.02 10.73
11.88 10.28 9.93
10.276 9.574 9.23
14.43 13.75 13.339
12.13 11.19 10.90
13.15 11.64 11.48
11.930 11.264 10.94
14.40 12.80 12.33
11.38 9.70 9.20
13.790 12.660 12.160
10.82 9.86 9.98
17.92 16.64 14.232
11.60 11.37 10.85
12.90 11.38 11.04
11.61 10.96 10.52
11.63 10.72 10.58
11.93 11.01 10.72
11.84 10.38 9.97
18.375 17.277 16.715
17.584 16.205 14.544
12.54 11.24 10.23
13.785 12.304 11.36
13.514 12.135 11.44
13.934 12.565 12.13
14.831 13.331 13.04
11.84 10.82 10.48
13.44 11.659 11.330
11.53 11.20 11.15
15.98 15.02 14.80
16.60 15.46 15.24
14.70 13.69 13.75
16.15 15.25 14.79
11.178 10.091 9.54
11.90 11.14 11.03
12.818 11.802 11.52
19.8 18.74 18.73
22.97 21.39 21.33
23.32 21.68 21.53
14.66 13.99 13.94
16.45 14.89 14.64
15.89 15.06 14.81
