11.20 9.66 9.26
16.04 14.68 11.38
11.69 10.16 9.65
17.05 14.15 13.62
15.60 14.49 14.37
15.35 12.70 11.95
15.19 12.88 12.07
14.82 12.49 11.94
15.87 13.42 12.57
12.41 11.32 10.64
15.05 12.63 11.94
14.05 12.00 11.38
15.60 13.49 12.28
15.86 13.38 12.63
14.26 12.24 11.89
15.34 12.92 12.34
16.16 13.79 13.11
13.79 11.49 10.91
15.74 13.47 12.85
14.53 12.40 11.58
15.75 13.48 12.64
15.74 13.58 12.50
14.73 12.34 11.70
15.63 13.16 12.48
16.33 14.31 13.96
15.69 13.24 12.18
14.73 12.09 11.19
15.47 13.03 12.41
16.58 13.95 13.12
15.57 13.21 12.65
13.14 10.99 10.42
15.31 12.95 12.50
16.23 13.60 12.79
15.08 12.66 12.01
14.51 12.21 11.48
14.87 12.49 11.70
15.75 13.22 12.19
15.17 12.78 12.01
13.47 11.43 10.75
15.42 13.87 12.94
16.23 13.95 13.36
15.15 12.89 12.29
15.01 12.68 12.104
14.44 12.21 11.61
14.94 12.80 12.16
14.77 12.43 12.03
16.77 14.19 13.43
13.60 11.21 10.582
14.93 13.38 13.01
15.24 13.88 13.48
11.48 9.79 9.1
15.53 13.97 13.52
13.19 11.90 11.509
14.61 12.99 12.61
12.81 11.57 11.1
12.51 11.55 10.91
15.476 13.923 13.775
15.50 14.78 15.38
13.51 12.94 12.77
16.70 15.32 15.16
16.88 15.32 14.96
16.6 15.6 15.82
11.78 10.26 9.561
11.68 10.48 9.61
14.49 12.90 12.65
12.19 11.01 10.68
15.95 14.40 14.17
15.904 14.524 13.47
14.5 13.539 13.245
11.41 10.41 10.26
17.01 15.95 15.544
12.26 11.11 10.71
18.35 16.81 15.74
19.45 18.05 16.87
13.63 12.14 11.70
13.13 11.66 12.79
11.56 10.010 9.81
12.40 10.54 10.134
12.53 11.23 13.38
12.00 10.61 8.0
15.40 13.70 13.05
13.21 11.48 12.82
16.10 14.42 14.09
13.468 11.900 11.537
13.544 12.850 12.705
16.42 14.87 14.65
16.43 14.92 14.63
16.54 15.00 14.78
15.191 13.722 13.405
14.206 13.572 13.549
15.861 14.391 14.123
15.946 14.801 14.512
15.040 13.726 13.337
14.779 13.296 12.894
14.425 13.809 13.809
15.49 13.91 13.629
17.37 15.6 15.25
15.69 14.06 13.68
16.26 14.75 14.338
16.653 15.076 14.833
16.32 14.84 14.51
15.47 14.02 13.61
15.99 14.54 14.021
16.356 14.999 14.436
17.08 15.58 15.38
14.65 13.13 12.851
15.315 13.802 13.564
15.284 13.779 13.529
16.91 15.2 14.99
17.08 15.4 14.927
16.029 14.763 14.395
15.867 14.377 13.935
15.44 13.97 13.59
12.14 10.41 10.10
12.234 10.598 9.700
15.45 13.67 13.59
12.30 10.52 10.049
15.79 14.47 14.20
16.37 14.87 13.8
13.81 12.36 12.13
11.62 10.19 9.2
12.00 10.46 9.8
11.88 10.32 16.4
12.69 11.24 10.539
16.76 15.28 14.75
12.521 10.871 9.91
15.73 14.33 13.87
16.55 15.35 15.07
14.75 13.10 13.98
14.24 12.68 12.18
16.91 15.69 15.66
17.59 15.95 15.28
15.02 13.427 13.164
17.06 15.89 15.64
12.264 11.342 11.19
17.64 16.04 15.62
17.82 15.69 15.28
12.51 11.79 12.33
15.92 14.61 14.29
13.09 11.58 11.17
16.75 15.49 14.97
12.708 11.146 10.12
13.73 12.15 11.73
15.28 13.71 13.18
16.73 15.24 14.80
15.30 14.38 14.70
14.28 12.72 12.34
13.88 12.281 12.216
13.771 12.135 11.742
13.966 12.376 12.026
14.84 13.14 14.05
14.38 12.67 12.30
12 13.10 13.32
14.95 13.16 12.67
14.53 12.71 13.52
11.60 10.56 10.12
13.80 12.91 12.52
11.49 10.11 9.94
15.7 11.300 12.0
16.7 16.000 12.7
15.4 14.800 13.7
16.5 16.500 14.2
15.8 14.700 12.4
15.6 15.200 12.1
17.1 16.400 14.9
14.4 14.600 11.9
16.4 15.800 13.3
13.7 14.700 11.7
12.89 11.05 10.88
19.1 15.300 17.8
17.3 16.600 14.3
17.5 16.800 14.5
16.3 16.100 13.9
13.33 11.57 11.67
17.25 15.75 15.32
12.52 11.17 10.664
12.82 11.25 11.06
12.51 10.72 10.212
12.67 9.75 9.16
12.03 10.74 10.36
15.20 13.33 13.49
15.87 14.70 14.44
12.01 11.25 10.95
11.79 9.99 9.334
12.28 10.37 9.98
11.710 10.350 9.710
12.09 10.70 10.08
13.06 11.96 11.022
12.25 11.30 10.73
11.56 9.46 8.99
11.87 10.47 10.12
13.39 12.28 11.94
15.15 13.54 13.02
15.58 14.01 13.32
13.59 11.57 11.59
15.09 13.55 13.16
9.32 7.62 5.69
15.05 13.61 13.05
13.38 12.52 12.25
11.34 9.794 9.26
13.35 11.82 9.9
13.45 11.96 12.18
16.90 15.26 14.81
13.02 13.746 13.475
14.29 13.01 9.58
12.059 10.977 10.22
13.91 12.58 15.72
13.30 11.90 13.95
12.69 11.14 15.07
14.00 13.61 12.28
18.739 17.261 14.71
13.39 17.66 15.90
14.35 16.33 14.527
15.174 13.46 12.99
16.00 13.88 12.98
15.21 13.41 12.48
15.18 13.27 12.22
11.77 20.10 17.37
14.95 17.49 15.127
14.633 12.662 9.41
14.5 11.94 10.19
14.2 11.52 9.97
15.18 13.43 12.49
17.56 15.79 13.990
14.3 11.89 9.92
14.99 13.28 12.39
14.9 13.88 12.85
14.27 12.99 12.10
13.8 10.15 8.87
16.81 15.02 14.13
17.99 16.39 14.006
17.63 16.17 13.955
17.50 15.50 14.52
17.574 17.135 14.92
19.05 17.142 14.252
17.80 15.75 14.46
18.46 16.49 14.579
18.67 17.33 14.030
18.01 15.98 14.64
20.759 20.685 16.29
15.2 14.36 13.47
14.51 16.45 15.50
14.05 15.848 14.98
12.99 12.01 11.46
17.646 16.222 15.18
15.30 13.20 12.07
16.40 14.44 13.19
15.4 13.95 13.07
16.0 14.32 13.31
16.0 14.17 13.29
16.26 14.30 13.27
15.48 13.48 12.47
14.95 12.97 11.35
12.484 10.968 10.21
13.434 11.852 9.32
15.5 13.877 13.20
14.55 16.19 14.405
15.07 13.35 12.41
14.7 12.908 12.42
15.74 13.98 12.88
15.6 14.93 13.79
16.58 15.212 12.719
16.39 15.18 14.07
17.303 16.837 12.936
14.66 13.21 12.36
14.58 13.00 12.28
14.97 13.408 12.25
15.3 13.532 12.35
13.9 11.98 9.57
14.713 13.071 11.800
14.65 13.82 13.01
12.22 10.88 7.55
15.4 13.936 12.50
19.693 17.641 14.230
13.798 11.762 10.84
14.78 13.19 12.18
19.249 17.47 14.504
17.33 16.152 15.30
16.12 15.248 13.49
13.94 12.90 12.29
16.21 14.225 13.03
13.9 10.35 9.55
12.12 10.70 9.79
14.522 14.701 14.50
14.87 12.888 12.000
16.43 14.75 14.37
15.910 13.940 12.410
17.1 15.05 12.822
15.047 13.022 11.900
12.862 11.321 8.21
14.5 11.58 9.86
18.457 16.466 14.80
19.137 17.149 13.013
18.780 16.985 14.203
15.2 13.40 12.66
13.30 12.48 12.77
19.115 17.604 15.40
16.6 15.196 14.41
12.52 10.94 8.82
17.0 15.747 12.603
16.7 14.61 13.72
13.7 12.23 10.96
16.7 15.28 13.003
14.2 11.91 10.63
16.989 15.161 14.23
15.56 13.86 12.91
16.89 14.95 13.87
18.597 16.890 16.060
12.282 11.536 10.92
16.15 14.643 13.17
16.039 14.248 12.95
12.43 11.164 10.633
12.41 10.89 11.11
12.035 10.925 10.21
12.722 11.382 10.90
14.04 12.61 12.18
18.22 16.37 16.08
18.23 16.29 16.33
18.51 16.64 15.91
18.31 16.47 15.64
12.07 11.09 10.53
12.293 10.992 10.60
18.51 16.14 16.17
15.17 13.86 11.05
12.76 11.02 10.51
18.93 17.09 16.04
18.78 16.91 16.37
16.30 14.81 13.70
14.11 12.81 13.81
12.48 11.22 9.79
14.04 12.25 12.04
18.27 16.84 16.15
15.78 14.13 15.19
17.54 15.97 15.41
18.0 16.39 15.4
13.63 12.04 10.13
13.89 12.24 11.51
13.46 11.80 11.59
13.232 16.014 14.261
13.47 12.06 12.38
13.14 11.72 15.18
13.67 11.93 11.74
16.13 15.28 14.42
13.163 11.772 10.922
14.56 12.93 15.66
10.56 9.58 9.51
13.432 12.010 11.798
14.390 12.859 12.034
14.111 12.593 12.282
12.14 11.57 12.42
14.580 13.049 12.733
17.1 14.55 14.0
12.53 11.32 10.52
11.21 9.68 9.32
13.70 10.71 10.34
14.76 13.67 13.36
15.77 14.450 13.04
16.060 14.552 13.64
13.133 11.650 10.73
12.526 11.002 10.36
15.49 13.09 12.44
21.51 20.56 20.00
23.11 21.92 21.20
15.71 14.31 13.84
14.81 13.99 13.55
13.07 10.91 10.65
18.15 17.51 18.52
25.242 23.334 23.04
13.60 11.90 11.35
13.82 12.14 11.70
15.20 13.45 13.59
13.01 11.44 11.23
20.040 18.547 17.530
14.73 13.23 12.06
15.90 14.29 14.10
17.35 16.11 15.89
12.47 10.76 10.32
12.66 11.81 11.21
12.88 10.76 10.58
13.62 11.71 10.97
14.74 13.40 14.73
12.57 12.81 11.76
13.49 11.53 9.19
13.5 13.785 11.315
13.344 12.620 14.12
16.47 15.45 15.29
14.04 12.44 12.78
