15.63 15.38 15.80
8.79 8.73 8.69
12.82 13.01 13.27
13.60 13.69 13.94
14.57 14.62 14.96
13.85 13.84 14.10
15.21 15.26 15.18
15.66 15.43 16.23
15.51 15.34 15.56
13.51 11.49 12.44
13.86 13.65 13.79
15.32 15.70 15.94
12.65 12.71 12.90
16.6 16.78 16.7
15.68 15.97 16.52
11.59 11.95 12.09
14.53 14.65 14.90
15.58 15.84 16.23
13.87 14.12 14.47
14.12 14.35 14.68
14.61 14.87 15.18
14.09 14.32 14.63
13.99 14.39 14.76
15.9 16.660 16.4
15.02 15.39 15.68
15.58 15.91 16.18
12.07 12.22 12.25
15.09 15.30 15.59
11.824 12.093 12.178
12.66 12.96 13.36
15.34 15.23 15.21
14.94 15.04 15.36
16.7 17.126 17.1
17.1 17.950 18.2
13.32 13.63 13.99
14.45 14.68 14.95
15.108 15.243 15.222
12.42 12.73 12.96
14.73 14.85 15.39
14.83 14.92 15.08
15.24 15.14 15.00
14.79 14.68 14.75
11.5 10.9 10.45
13.96 14.20 14.54
13.977 14.263 14.390
11.34 11.73 11.98
12.830 13.017 13.076
13.34 13.59 13.87
15.9 16.5 16.23
10.044 10.29 10.64
12.26 12.50 12.79
14.29 14.59 14.78
15.13 15.46 15.92
15.63 15.84 16.12
15.23 15.48 14.87
14.27 14.55 14.86
13.13 13.35 13.71
11.102 11.184 11.133
15.61 15.78 15.87
16.31 16.39 16.30
15.74 15.74 16.36
14.36 14.62 14.85
15.30 15.4 15.63
15.26 15.53 15.66
15.81 16.06 15.59
14.34 14.53 14.79
15.50 15.81 16.30
15.93 15.80 16.15
14.41 14.44 14.98
16.20 16.36 16.43
18.735 18.837 18.816
18.177 18.439 18.582
17.516 17.655 17.736
18.708 18.859 18.884
14.29 14.26 14.66
12.87 13.03 13.27
15.04 15.11 15.57
14.70 14.83 15.13
14.91 15.14 15.45
15.81 15.95 16.05
14.50 14.73 15.05
17.1 16.48 16.9
15.59 15.89 15.71
12.988 13.318 13.465
13.84 14.05 14.28
14.04 14.34 14.62
15.11 15.25 15.37
16.6 16.47 18.1
14.89 15.15 15.59
11.60 12.12 12.01
10.91 11.14 11.319
12.48 12.61 12.84
16.8 16.96 16.8
14.51 14.77 15.11
13.28 13.48 13.83
13.72 13.90 14.19
14.83 15.08 15.59
14.29 14.49 14.73
15.40 15.52 15.66
13.89 14.10 14.67
13.02 13.20 13.51
16.7 16.51 16.0
11.70 11.63 11.969
15.50 15.75 16.09
14.36 14.58 15.21
16.1 16.61 16.7
15.47 15.710 15.96
16.9 16.46 16.2
14.24 14.45 14.75
16.9 16.69 16.6
16.8 16.48 16.7
16.3 16.66 16.6
16.4 16.5 16.6
16.5 16.43 16.4
15.26 15.51 15.91
12.12 12.55 12.47
16.2 16.55 16.6
15.6 17.04 16.9
15.9 16.07 16.0
15.63 15.68 15.75
13.89 14.12 14.49
16.0 16.54 16.5
16.1 16.81 16.6
6.69 6.27 7.49
11.05 9.96 9.70
19.99 20.33 19.36
15.93 15.77 16.00
10.01 9.85 10.08
14.80 14.97 15.23
18.50 18.20 18.43
13.38 13.69 13.88
13.010 13.256 13.370
13.48 13.67 14.03
14.85 14.89 15.14
14.81 14.93 15.27
15.57 15.73 16.09
14.87 14.99 15.34
15.48 15.61 15.61
14.90 15.01 15.58
15.25 14.97 15.54
15.25 15.37 15.66
14.94 15.13 15.54
14.72 14.89 15.12
11.81 12.34 12.30
15.23 15.52 15.95
15.65 15.52 15.85
15.75 15.85 16.12
14.72 14.71 14.77
16.20 16.21 16.48
15.43 15.61 15.91
15.32 15.36 15.54
15.49 15.73 16.14
13.88 14.12 14.16
13.94 14.04 14.32
11.95 12.23 12.51
11.03 11.33 11.62
12.28 12.50 12.66
10.78 10.29 10.08
14.32 14.57 15.03
16.06 16.37 15.9
12.46 12.38 13.10
10.14 9.30 9.00
9.493 11.449 11.49
7.93 7.97 8.82
14.41 14.69 15.18
12.90 12.67 12.79
11.99 12.12 12.39
9.67 9.44 9.79
9.64 9.52 9.51
9.87 9.56 9.49
14.078 14.376 14.524
9.44 9.35 9.67
9.55 9.27 9.65
9.07 8.74 8.45
9.79 9.58 9.77
12.84 13.01 13.28
14.05 14.29 14.70
8.94 8.92 9.52
11.59 11.43 11.63
15.52 15.81 16.10
10.00 9.50 9.44
13.02 12.96 13.00
14.62 14.76 15.06
15.15 15.28 15.42
15.45 15.6 15.80
12.80 12.89 13.46
13.41 13.63 13.99
10.73 9.84 9.86
8.74 8.50 9.30
22.4 18.45 15.80
7.32 6.98 7.71
13.08 11.55 10.64
16.6 16.29 16.6
14.97 15.26 15.1
16.4 16.7 16.9
14.77 14.93 15.32
16.32 16.42 16.4
14.90 15.14 15.58
17.3 18.5 18.6
15.37 15.37 15.62
16.9 17.29 17.5
17.0 16.83 16.6
15.37 15.42 15.81
15.24 15.42 15.82
15.66 15.82 16.19
16.0 16.7 15.9
13.49 13.9 14.29
11.52 11.38 11.90
19.109 19.015 18.957
13.39 13.64 13.83
12.42 12.42 12.62
12.13 12.33 12.71
14.29 14.49 14.88
14.69 14.93 15.10
14.82 14.95 15.50
14.79 15.00 15.49
15.86 16.02 16.34
16.01 16.56 16.30
15.64 16.01 16.35
15.44 15.69 16.02
18.071 18.308 18.389
14.27 14.69 14.90
16.19 16.14 12.59
14.75 14.87 15.23
14.55 14.61 14.77
14.07 14.28 14.61
14.04 14.03 14.99
15.81 16.06 16.85
14.72 14.96 15.41
15.31 15.49 15.90
15.42 15.63 15.85
13.86 14.13 14.57
13.08 13.34 13.67
15.31 15.61 16.17
13.27 13.43 13.56
14.25 14.34 14.55
12.79 12.51 12.48
12.341 12.662 12.801
13.39 13.31 13.57
14.96 14.79 14.96
15.50 15.69 15.97
13.86 13.89 14.15
14.53 14.81 14.92
13.22 13.17 13.31
14.30 14.50 14.85
14.39 14.66 14.87
14.21 14.38 14.62
14.51 14.59 14.98
13.41 13.68 14.04
14.38 14.60 15.06
13.75 13.94 14.37
14.31 14.38 14.72
14.87 15.04 15.49
14.34 14.47 14.90
14.25 14.50 14.75
14.91 14.97 15.61
14.97 15.11 15.52
14.27 14.89 14.82
13.73 13.83 14.10
14.84 15.10 15.31
12.99 13.20 13.40
14.02 14.03 14.34
14.29 14.49 14.82
14.34 14.26 14.99
13.68 14.00 14.29
14.94 15.25 15.43
14.86 15.13 15.34
14.41 14.57 14.86
12.79 12.97 13.23
14.82 14.99 15.40
13.59 13.90 14.21
14.49 14.52 15.01
15.54 15.50 15.76
14.52 14.55 14.71
13.77 13.99 14.30
12.87 13.07 13.28
14.73 14.67 14.80
